image: big_maze.pgm
resolution: 0.070000
origin: [-10.700000, -10.000000, 0.000000]
negate: 0
occupied_thresh: 0.65
free_thresh: 0.196

